4.651419117402656935e+06 4.651419119513430633e+06 5.504210425742845473e+03 -5.504210400117010067e+03 1.239951970369161487e-02
4.969674983956309035e+06 4.309725044891224243e+06 5.099861670976863024e+03 -5.880806868340265282e+03 1.083420556595829538e-02
5.262888486570447683e+06 3.946315066147621255e+06 4.669815660626643876e+03 -6.227769769602093220e+03 9.758083905147273834e-03
5.529582178661590442e+06 3.563020414426049683e+06 4.216239370787430744e+03 -6.543350845291086443e+03 9.885270569196306228e-03
5.768412244277178310e+06 3.161772514665170107e+06 3.741418310187694715e+03 -6.825959965677030596e+03 1.051658165418720668e-02
5.978175267772568390e+06 2.744593252955745906e+06 3.247745014270137744e+03 -7.074173150834605622e+03 1.442441039385851040e-02
6.157814295821609907e+06 2.313584789431566838e+06 2.737706970585835279e+03 -7.286739704459390850e+03 1.266418962688363112e-02
6.306424162137662061e+06 1.870918964221254457e+06 2.213874136041003112e+03 -7.462588631255271139e+03 8.174406539615578296e-03
6.423256047327346168e+06 1.418826352639890276e+06 1.678885926418877489e+03 -7.600833905788673292e+03 8.931334865013585908e-03
6.507721248799269088e+06 9.595850306551944232e+05 1.135437914860249521e+03 -7.700778863680491668e+03 9.540956280400999037e-03
6.559394145962091163e+06 4.955090988338403986e+05 5.862683079353845415e+02 -7.761919854571882752e+03 1.294442061284592146e-02
6.578014344123916700e+06 2.893702309691852861e+04 3.414411833591144330e+01 -7.783948686823183380e+03 1.242343983144391165e-02
6.563487985978610814e+06 -4.377801470716339536e+05 -5.181527518889882913e+02 -7.766754280264640329e+03 1.345238043487590428e-02
6.515888224424208514e+06 -9.022906230811582645e+05 -1.067839535909157803e+03 -7.710423083175390275e+03 1.607201975033213312e-02
6.435454854028095491e+06 -1.362253722379184561e+06 -1.612146608943952060e+03 -7.615238695245880990e+03 1.848550115123934884e-02
6.322593103683622554e+06 -1.815351660438043531e+06 -2.148331433684741569e+03 -7.481680463563785452e+03 1.818230432972291200e-02
6.177871595850957558e+06 -2.259301228060440160e+06 -2.673692382209902917e+03 -7.310421067486912762e+03 1.726910297152107684e-02
6.002019483161957934e+06 -2.691865293122312054e+06 -3.185582323741540222e+03 -7.102323085990078653e+03 1.515445072848892703e-02
5.795922776847314090e+06 -3.110864069761701860e+06 -3.681421963555339062e+03 -6.858434677650312551e+03 1.649423493283782433e-02
5.560619885985638015e+06 -3.514186097934972029e+06 -4.158712799270815594e+03 -6.579984257096829424e+03 2.466450490060589223e-02
5.297296390629168600e+06 -3.899798878180008847e+06 -4.615049694918277964e+03 -6.268374327025314415e+03 2.354690844331382843e-02
5.007279069923234172e+06 -4.265759115308755077e+06 -5.048133126916289257e+03 -5.925174607842551268e+03 3.523481591124801859e+00
4.692030046048932709e+06 -4.610221586198725738e+06 -5.455752730407250965e+03 -5.552083423389906784e+03 3.514417737689834009e+00
4.353138678947119042e+06 -4.931449441778284498e+06 -5.835880122421866872e+03 -5.151012724943429930e+03 3.503617507683568277e+00
3.992312685906879138e+06 -5.227823844514148310e+06 -6.186599723819367682e+03 -4.723982946826267835e+03 3.494011347213262564e+00
3.611370322317718063e+06 -5.497851156528487802e+06 -6.506144052459687373e+03 -4.273145223588400768e+03 3.484320168165249143e+00
3.212231224587989505e+06 -5.740170460801783018e+06 -6.792902639452983749e+03 -3.800770590583699232e+03 3.473108427082444383e+00
2.796906742375803180e+06 -5.953560415002969094e+06 -7.045430127295581769e+03 -3.309238549506745585e+03 3.463952410238450241e+00
2.367489811563198920e+06 -6.136945401694410481e+06 -7.262453468223926393e+03 -2.801025059172327019e+03 3.457721393991648462e+00
1.926144418625470484e+06 -6.289400945339626633e+06 -7.442878351303953423e+03 -2.278690109588360883e+03 3.446522983931307849e+00
1.475094703954094555e+06 -6.410158370409712195e+06 -7.585794795337930736e+03 -1.744864866019956253e+03 3.436870926842811258e+00
1.016613765319016878e+06 -6.498608674990019761e+06 -7.690481552518281205e+03 -1.202238387665190885e+03 3.423850230594196908e+00
5.530122162875676295e+05 -6.554305601250513457e+06 -7.756409866809734012e+03 -6.535441450205734100e+02 3.417609216810900463e+00
8.662655737825506367e+04 -6.576967888239607215e+06 -7.783245957754531446e+03 -1.015462567279387684e+02 3.406357245146965695e+00
-3.801925852283933200e+05 -6.566480695366831496e+06 -7.770852951956853758e+03 4.509743740915701551e+02 3.396786594018807115e+00
-8.450922937312606955e+05 -6.522896189782208763e+06 -7.719291365983098331e+03 1.001234055733826494e+03 3.386683416987030792e+00
-1.305729201289666817e+06 -6.446433294425575994e+06 -7.628818917472019166e+03 1.546460285715191276e+03 3.378297639015094500e+00
-1.759781289046488702e+06 -6.337476598170732148e+06 -7.499889193183305906e+03 2.083905681366235058e+03 3.367096655085685342e+00
-2.204959577517792583e+06 -6.196574433107013814e+06 -7.333149460884990731e+03 2.610861804898546325e+03 3.356984454082771574e+00
-2.639019652511962689e+06 -6.024436129077113234e+06 -7.129437344362950171e+03 3.124672751330705069e+03 3.347649199850846191e+00
-3.059772967250927351e+06 -5.821928459291968495e+06 -6.889776689622582126e+03 3.622748513048597033e+03 3.341002782285176220e+00
-3.465097865957182832e+06 -5.590071294441275299e+06 -6.615372422283729065e+03 4.102577988810493480e+03 3.332103695256081188e+00
-3.852950274487923831e+06 -5.330032486011416651e+06 -6.307604593310847122e+03 4.561741657224713890e+03 3.323281316575330546e+00
-4.221374002751810476e+06 -5.043122004653270356e+06 -5.968021397190960670e+03 4.997923720384685112e+03 3.315425914180032851e+00
-4.568510605669238605e+06 -4.730785364597185515e+06 -5.598331448472779812e+03 5.408923756218484414e+03 3.305476757036239999e+00
-4.892608756713344716e+06 -4.394596364058211446e+06 -5.200395258178786207e+03 5.792667849649102209e+03 3.286504938024418898e+00
-5.192033086464196444e+06 -4.036249176878279075e+06 -4.776215939779885048e+03 6.147219082223832629e+03 3.279087379171905958e+00
-5.465272434990471229e+06 -3.657549843290748540e+06 -4.327928965428242918e+03 6.470787062839752252e+03 3.268731496928816593e+00
-5.710947483602489345e+06 -3.260407193913627882e+06 -3.857791736083623618e+03 6.761737280040400037e+03 3.257572936170663347e+00
-5.927817730220162310e+06 -2.846823249338478316e+06 -3.368172134912647834e+03 7.018599222650346746e+03 3.246281768695779668e+00
-6.114787764943435788e+06 -2.418883152167055756e+06 -2.861536661348995949e+03 7.240073841301773427e+03 3.236109144994393283e+00
-6.270912817783971317e+06 -1.978744677421336994e+06 -2.340438045115732166e+03 7.425040130283406143e+03 3.226286396810489343e+00
-6.395403550561032258e+06 -1.528627373544461792e+06 -1.807502446594705134e+03 7.572560853800396217e+03 3.218115096529283292e+00
-6.487630068271836266e+06 -1.070801388738488313e+06 -1.265416251510332131e+03 7.681887309159144934e+03 3.208339470990556830e+00
-6.547125129136718810e+06 -6.075760376829840243e+05 -7.169125743331608192e+02 7.752463210422681186e+03 3.199696958281033066e+00
-6.573586536447310820e+06 -1.412881673022936739e+05 -1.647574958407206509e+02 7.783927498998923511e+03 3.188124459612514450e+00
